OK!!! 3 2 0.355382204055786 0.288136005401611
OK!!! 3 6 0.123550891876221 9.811997413635254E-002
OK!!! 3 10 7.686305046081543E-002 5.944991111755371E-002
OK!!! 3 14 5.969405174255371E-002 4.277205467224121E-002
OK!!! 3 18 4.582595825195312E-002 3.294610977172852E-002
OK!!! 3 22 4.056906700134277E-002 2.862286567687988E-002
OK!!! 3 26 3.528213500976562E-002 2.391290664672852E-002
OK!!! 3 30 3.122186660766602E-002 2.096700668334961E-002
OK!!! 3 34 3.017091751098633E-002 1.912307739257812E-002
OK!!! 3 38 2.787399291992188E-002 1.713299751281738E-002
OK!!! 3 42 2.736282348632812E-002 1.628613471984863E-002
OK!!! 3 46 2.457714080810547E-002 1.440691947937012E-002
OK!!! 3 50 2.353882789611816E-002 1.360702514648438E-002
OK!!! 3 54 2.421689033508301E-002 1.353287696838379E-002
