OK!!! 3 2 0.367806911468506 0.287739992141724
OK!!! 3 6 0.124314785003662 9.766602516174316E-002
OK!!! 3 10 7.731699943542480E-002 5.780291557312012E-002
OK!!! 3 14 5.873107910156250E-002 4.172205924987793E-002
OK!!! 3 18 4.686808586120605E-002 3.360795974731445E-002
OK!!! 3 22 3.995394706726074E-002 2.718997001647949E-002
OK!!! 3 26 3.540587425231934E-002 2.335214614868164E-002
OK!!! 3 30 3.220701217651367E-002 2.115893363952637E-002
OK!!! 3 34 2.957487106323242E-002 1.870107650756836E-002
OK!!! 3 38 2.821397781372070E-002 1.703596115112305E-002
OK!!! 3 42 2.579116821289062E-002 1.540589332580566E-002
OK!!! 3 46 2.482199668884277E-002 1.400399208068848E-002
OK!!! 3 50 2.365803718566895E-002 1.310801506042480E-002
OK!!! 3 54 2.338981628417969E-002 1.270008087158203E-002
